1111111101000101010101000010111010001011000111010100011000011111001110011001111101011101010011101111
1101100101010000101111011101011101010001101111000110101101100100011111111111100101011101111101011101
0101100001110100100101010001100001011001000111101001111011110010011100110011110001100100100000001001
1110011010111010100111011100011000011000101011000100010110010001110001110010011101011101110111001010
0100000100100001111011100011111110010000111101111011111110001000111000100001001111110010101011001100
1111101011101010011101000010100010011101000101001111000001110011100001111001101111010100100100111000
0101011111011111111111101111111000111110100101111011000011111011010010010101000110001111100111010100
0010010110010001101101100100011100011100000011111100110111010000010101010110101100110011111010001101
0011110011001111011100101001110001011100010011110011011111101011101001010100000100001011010111101110
1110010100100000100100001111011111010110011110000010100111100000011111100110100100111100010111000100
1111001100100010111001110111000011110110010111111111111100001011110001001110010001111101011101010011
1010000101000100111010001010001011000111000010101110000110010100010111011011001110011101111100110100
0011001000010010101010101001011001010110010011010000100111011110101001001001110000111101100110001011
0111010101101000110100111101010100110010011100000100100111010111010100111011100001101100000110111110
0001111100010101111111110101000011110101000110100001001111110010101011010001101010000111011101100110
0100011100111010011110011100110011110001111110010111110000111000011010101001001101111000010011000110
1101100100011100011101011101010000101111011101010010000101101011100100111011111101011101001010100000
1000010110101111011110001011101000111011110001101011000001001100011010101101011001100011011010111001
0011100000011111100110111011100101001000001001000011110111111111111010110011110000010100111100000011
1111001101111001001110101010000010100001110100011001001000010110011110011000001101111110101110100101
0100000100001011010111100101000011001000101100100011111001001110101110101110101001110100001010001001
1101000101000101100011100001010111000011001010001011101101100111001110111110011010000110010000100101
0101011001110000111101001111001100101011110010101000110011100111111101011101001010100101111111110101
0000111101111110001000001110101010110010011101011101011101010011101001001010100011000111110011101010
0001001011001000110110110010001110001110000001111110011000111111100100110011000101100001001000111010
1010000010100001110100001001001011111011110101001110001101110101011000111100101001111010010011110111
1111000001000100111100101001111000000111111001101111010100010100001111001101110101100101001111011111
1111101011101010011101111010110111001110011111000111001001110101110101110101001110100011010100001110
1110110011001110101101001101011101010011100010111111001100100111010111010001101010000111011101100110
0100011010011110000001111110011011100011001010001101110000111100110011001111011010011010111111001010
0110000100110001101101100100011100011111000101011011110000001110100111111000001110111111011101010100
1001101111111111100000011100011111001001100111010100001001011001000110110110010001110001101001111000
0001111110011011110000001111000010111100000111011110000111111101000000100100101101011101011111011101
1110010100100111101000100001001011110001101011100011111110010011001100010110000100100011010010110010
1011010101001110111110000010111011001100111000111111100100110011000101100001001000111010010011010000
1001011011010010011101011101010011111111110000110110101111100001011110111101011010011011110011001011
0101100111000001100001101010100100110111100000111101010001011011110111100100111010111010001010011100
0011101011010011000001000110001010011110111101111111001100001101011100000110100000010000001111101010
0101111111110101000011110101000110100001000110101110100011010100001110111011001100111001110100111100
1110101010000000111000001101111000110110010101010110010101100011001111101000111000010011000110110110
0100011110100111101111100110000110110110011110000011001110011111001110101100110011111010001110000001
1111100110100010100011110001001111011101100011010011110000000011101111001001111110111110110000000011
1001110011111001111111111011111100011111000011111111011111111000111011100011010010011000110110110010
1000010001110000001111110011001010111011110110011111101100110011100011011100101011100011011011001000
1110001101001011111111101010000111101010001100001111100111011101110010100100000100100001111011111010
1100111100000110001111111001001100110001011000010010001110101010000010100001110100001001001011111000
0011100111000011110010100111100100101110101001100100011101001001111101010001010000111100101001111000
0001111110011000001101110101001111100111000111111100101100001101101100111100000110001111111001001100
1100010110000100100011111111110111100100110010011101111010100111000110111010101100011110010100101111
1111101010000111100101011010101001100100111001100001110111010100001001110111110001000100011101110000
1111011001011111100001011110001010101011001000111110101110101001110000001011101110101010010011111000
1110000011100001010111000011001010001011101101100111001110111110011010000110010000100101100010001110
0110011111010111010101100001110001111000110101101100100011110100101101111110111011010111110000101111
0110001110000010010011111111110001011110001010001011100100001000000011110011010110100110100010000111
1101111101100001010101000011011001111101110111010101011011110001101101100100011100011101011101010011
1110100010011111100101000010001110000001111110011001011000100111010111010100111011110001110101100001
0101100001111101101111110111011010111110001100100110111000011000010101110000010000000110011101011010
0110000110110011110111111111110101110101100101000101110000010101110101110101001110111011100101001000
0010010000111101000110100101100101011010101001110010101111001010100011001110011111000100111100001011
0000001111110011001010111100101010001100111001111111010111010010110111110011010000110010000100101100
0100011100000100100111000000101000000011011111000001000011111100011101011010011010101001111110111011
1100001101101011111000010111101100011101010100000111111111111100111110001110011001111110110101110111
0100011110100010111011111011010111011101001111010000101011101111010111010100101101001110010110001001
1100110000111001110100101111010010011010000100101101101001001111001010010111111111010100001111010100
0110000111110011101011010111011010010010110000011111011001010001101110000101000001110100010100010100
0011001011001111000001100010001000100101111011011000001111101101000101000111101100101111011110101101
0011101101101000100011101010100000101000011101000010010010111110100011001001000010110011110011010000
1010101011010111010100111000000101110111010101001001110000001111110011111111100000111001110000111100
1101011010011010111010100111010100011100010000100100010100011111011110010011000010001011010110011010
0101111111110010101101010101100001110100001010001001110100011001100001110000110110110111110111110110
1110101010010001010110001001111001100100011111001101011000111011101110010110111101000010010101010110
1000000100000011111010100111101011010011010110010000100011010111000011011010111110000101111011000111
0101010100111100111010110100110111100110010110101100111000000111111001101110000110000101011100000110
1110111001010010000010010000111101000111000001011111111111010111010100111011110100001000110101011001
1100111011111000101010000111111010100101100101011110111101111001011011111011111011001110010101000011
0011101001001111011111110000010001001110000011010001010011110111101111111000110110011101000010100010
0111010001100100011111010001010011110111101101011101100110011100000100110001101010110101100110001101
1010111001001101001111010000101011101111001101011110111000100001000111010000001100101000011111111110
0001101101011111000010111101100011101011101010011101110101011010010001101110100000101010000011111100
1100011111110011110110011001011000101111000100111001001110101110111100110010110101101100111100000110
0001010011101011011111100100001001001110011001111100000011111000101110101000110100101000111111101001
0111101111010111010100001011110101100100001000110101001000111010111010100111110111010101010011110011
1000001111111110100010100111101111011010111011001100111011110010100100111101000000110100101101010001
0001011100111011101110010011111010110000100111001100001110101110101000010111100001101101011111000010
1111011000111010010011011000001100111110111010000111010011110011111100011110010000000111010000100110
1110110011001110111100110101001011111010111010100101001001010101011001100001110100010100111101100001
0110011100111100110111100101101011101011111111110001111111001111011001100101100010111100010011010010
1100101011101111100000011111000101111000000110011100100110010110011110000011010001010001011100100010
0110100111100001101101011111000010111101100011101000101000111000110111001010111000110111101110111001
0100101101001011010101011101100100011111000111101100110011111000001101000101001111011110110101110110
0110011100000100110001101010110101100110001101101011100100111111111101000101000101110010001001101001
1110000110110101111100001011110110001110000110101010001011111110111001101111001100101101011001110111
1010000100011010101100111001101000001111100010101000011111101101110111001010010000010010000111101000
1101001011001010111011111010000101001011101011101000100000001001000110100111101011101010010101010110
1010100000101000011100000110111101001111101010010010000100001111110001110001111111001111011001100101
1011111110010111100010011101011101010000101111010000001100101000010001110101110101001111101110101110
1010011101000101000111111010101101110000101111000100111010110100110111100101001001111010001100110011
1110000001110101010110101000100111111011101000111111110100001000110101011001110011010000001001001011
0001011110110011110011000101110101000110100101000111111101001011110111010010111111111010100011101001
0100101100110001101100111100110111101010011100001110111011100101001000001001000011110111110101100111
1000001100110000111000101111011011010010011111100101010110101110101001110111010101001000101011000111
0010011101011101011101010011101110111001011001111011001111001101000110101000011101110110011001000111
0111100000011101001111010111010110010100010111000001010111011101001111110001001111000001101001011011
1100001100011100001010111000110101101001111111111100001101101011111000010111101100011101111001011011
1110111110110100011001001000010110011101111000100111100001010100000100001011010111100000011111100110
1111110101110100101010000010000101101011110111011100101001000001001000011110100011101011101010000101
1110100101011011111001011011111100001100111010111010100111011110101000001101111010010011000100101111
0111100101000011001000101100100011100011100100111010111011111100010110100011001010000010100111010110
1111111111101010001010011001111110001001111001000110100101100101011010101001110100100111110100000110
0111011001111000001101110101010001011100111010001101010000111011101100110010001110100010100010100001
1001110111010011111111010101000001000010110101111011101110010100100000100100001111011111010110011110
0000101001111000000111111001100000100100111000010101111101111101111111001100011110011001100111110001
1111100011000110111001010001110110100011111111110111010101001001111101101001011011001010110101010010
0010011101000110101000011101110110011001000111010001010001010000110011101111000111110101011110100010
0111111011110111011100101001000001001000011110111110101100111100000101001111011111100011111110111010
0000111100011001010001001111110111100001001100101010001101000100100011010011110111010000010101010100
0010100000010011110011000000111111001101111010100010110001001110011001111110110101110111010011111111
1110010100011011100001010011011011101110010100100000100100001111011111010110011110000010100111100000
0111111001101000001001000011101110101011010001000110100101101010001000111001110100011010100001110111
0110011001110100010100010100001100100011101110001100001111010001100001101101001001000010000000111011
1010101011011111100000011110100101111011000011111000011010010110111100001101110100101110101001100111
0100011010100001110111011001100111111111101000101000101000011001000111000001110001010000000111100010
0111100110111100011001010001001111110111101110111001010010000010010000111101111101011001111000001101
0110011000110101011101101010000100101100100011010010110111111111111101101011100001100101000101110110
1100111001110111111000000011010000110010000100101100010001110111111110100010100011100001010111110111
1101111111001010101101011101011001001001110010100001100100010110010001110001110010011101011101011101
0100111000010101110000110010100010111011011001110011101111100110100001100100001001010101011010111010
1000010111100001101101011111000010111101100011100101100010011101110101010010011111111110100001000000
0101101000111001100111111011010111011101000111101000101110111110110101110111010011110000101101111010
1011111110000010110110010001110001101001111010110110111101011001111000001010011110000001111110011001
0010111010100110011100101100010011110101010111111101101011000000011110100000011010010110010101101010
1001110010101111001010100011001110011111000100111100001011000000111111001100101011110010101000110011
1001111111010111010010110111110011010000110010000100101100010001110100101011011111111111100110011111
0111011100101001011001100011011001111001101111010100111000011010010110010101101010100111011101001111
1111010101000001000010110101111001010000110010001011001000111110111100000001010111100101010001100111
0011110100111111110101010010111110011010000111110000011101001010110111000111001100111110100100100001
1111010100000000011100111001001001000100011101111010100111000011100000011111100110011000011100101100
0100111100110010001111111100101010110100001010101011111111101111000101110101000011101110110011001000
1110111010011111010010110101110101100101000101110000010101110111010011111111000001101001011011111100
0010010111111101111101100001010001011100110001001110100010100111000011101110101010010011101011101010
0111011111001101000011001000010010110001000111001100001110000101011111011111011111110011000111100110
0100011111010111010100111010001010011110111101100000111011001000111110111100100110000100010110101100
1101001011001010110101010011111111110111110011001111110100011011111001101000011001000010010110001000
1110000010010011100000010100000001101111100000100001111110001110010001111111100101010110111010101001
0011101000101000111010100001011101100010111100010011010011110011101001011110101101001101110111001001
0101000010111101111000011011010111110000101111011000111011101011001010011110111011111000100001001011
1011001111000001101010101001111001110101101001101110111001010011111111000001001000011110111001100111
1110110101110111111110000110100010111011111011010111011110101110101001111101000100111111001010000100
0110100101101111111